(-162.5, -0.1, 67.2)
(-158.1, -0.1, 67.3)
(-157.9, -0.1, 67.3)
(-157.5, -0.1, 67.4)
(-157.3, -0.1, 67.4)
(-154.4, -0.1, 67.5)
(-154.2, -0.1, 67.5)
(-151.3, -0.1, 67.6)
(-151.1, -0.1, 67.6)
(-148.2, -0.1, 67.7)
(-148.0, -0.1, 67.7)
(-145.1, -0.1, 67.8)
(-144.9, -0.1, 67.8)
(-142.0, -0.1, 67.9)
(-141.8, -0.1, 67.9)
(-138.9, -0.1, 68.0)
(-138.7, -0.1, 68.0)
(-135.8, -0.1, 68.1)
(-135.6, -0.1, 68.1)
(-132.7, -0.1, 68.2)
(-132.5, -0.1, 68.2)
(-129.6, -0.1, 68.3)
(-129.4, -0.1, 68.3)
(-126.5, -0.1, 68.4)
(-126.3, -0.1, 68.4)
(-123.4, -0.1, 68.5)
(-123.2, -0.1, 68.5)
(-120.3, -0.1, 68.6)
(-120.1, -0.1, 68.6)
(-117.2, -0.1, 68.7)
(-117.0, -0.1, 68.7)
(-113.9, -0.1, 68.8)
(-113.6, -0.1, 68.8)
(-110.7, -0.1, 68.9)
(-110.5, -0.1, 68.9)
(-107.7, -0.1, 69.0)
(-107.4, -0.1, 69.0)
(-104.6, -0.1, 69.1)
(-104.3, -0.1, 69.1)
(-101.4, -0.1, 69.2)
(-101.2, -0.1, 69.2)
(-98.3, -0.1, 69.3)
(-98.1, -0.1, 69.3)
(-95.2, -0.1, 69.4)
(-95.0, -0.1, 69.4)
(-92.2, -0.1, 69.5)
(-91.9, -0.1, 69.5)
(-89.0, -0.1, 69.6)
(-88.8, -0.1, 69.6)
(-85.9, -0.1, 69.7)
(-85.7, -0.1, 69.7)
(-82.8, -0.1, 69.8)
(-82.6, -0.1, 69.8)
(-79.7, -0.1, 69.9)
(-79.5, -0.1, 69.9)
(-76.6, -0.1, 70.0)
(-76.4, -0.1, 70.0)
(-73.5, -0.1, 70.1)
(-73.3, -0.1, 70.1)
(-70.5, -0.1, 70.2)
(-70.2, -0.1, 70.2)
(-67.3, -0.1, 70.3)
(-67.0, -0.1, 70.3)
(-64.2, -0.1, 70.4)
(-63.9, -0.1, 70.4)
(-61.1, -0.1, 70.5)
(-60.8, -0.1, 70.5)
(-58.0, -0.1, 70.6)
(-57.8, -0.1, 70.6)
(-54.9, -0.1, 70.7)
(-54.6, -0.1, 70.7)
(-51.8, -0.1, 70.8)
(-51.6, -0.1, 70.8)
(-48.7, -0.1, 70.9)
(-48.5, -0.1, 70.9)
(-45.6, -0.1, 71.0)
(-45.4, -0.1, 71.0)
(-42.5, -0.1, 71.1)
(-42.2, -0.1, 71.1)
(-39.4, -0.1, 71.2)
(-39.1, -0.1, 71.2)
(-36.3, -0.1, 71.3)
(-36.1, -0.1, 71.3)
(-33.2, -0.1, 71.4)
(-32.9, -0.1, 71.4)
(-30.1, -0.1, 71.5)
(-29.8, -0.1, 71.5)
(-26.9, -0.1, 71.6)
(-26.7, -0.1, 71.6)
(-23.8, -0.1, 71.7)
(-23.6, -0.1, 71.7)
(-20.8, -0.1, 71.8)
(-20.5, -0.1, 71.8)
(-17.6, -0.1, 71.9)
(-17.4, -0.1, 71.9)
(-14.5, -0.1, 72.0)
(-14.4, -0.1, 72.0)
(-11.4, -0.1, 72.1)
(-11.2, -0.1, 72.1)
(-8.3, -0.1, 72.2)
(-8.1, -0.1, 72.2)
(-5.0, -0.1, 72.3)
(-4.8, -0.1, 72.3)
(-2.1, -0.1, 72.4)
(-1.9, -0.1, 72.4)
(1.2, -0.1, 72.5)
(1.4, -0.1, 72.5)
(4.3, -0.1, 72.6)
(4.6, -0.1, 72.6)
(7.4, -0.1, 72.7)
(7.7, -0.1, 72.7)
(10.5, -0.1, 72.8)
(10.7, -0.1, 72.8)
(13.6, -0.1, 72.9)
(13.9, -0.1, 72.9)
(16.7, -0.1, 73.0)
(17.0, -0.1, 73.0)
(19.8, -0.1, 73.1)
(20.1, -0.1, 73.1)
(22.9, -0.1, 73.2)
(23.2, -0.1, 73.2)
(26.0, -0.1, 73.3)
(26.3, -0.1, 73.3)
(29.1, -0.1, 73.4)
(29.3, -0.1, 73.4)
(32.2, -0.1, 73.5)
(32.5, -0.1, 73.5)
(35.4, -0.1, 73.6)
(35.6, -0.1, 73.6)
(38.5, -0.1, 73.7)
(38.7, -0.1, 73.7)
(41.6, -0.1, 73.8)
(41.8, -0.1, 73.8)
(44.7, -0.1, 73.9)
(44.9, -0.1, 73.9)
(47.7, -0.1, 74.0)
(48.0, -0.1, 74.0)
(50.9, -0.1, 74.1)
(51.1, -0.1, 74.1)
(54.0, -0.1, 74.2)
(54.2, -0.1, 74.2)
(57.1, -0.1, 74.3)
(57.3, -0.1, 74.3)
(60.2, -0.1, 74.4)
(60.4, -0.1, 74.4)
(63.3, -0.1, 74.5)
(63.5, -0.1, 74.5)
(66.4, -0.1, 74.6)
(66.6, -0.1, 74.6)
(69.5, -0.1, 74.7)
(69.7, -0.1, 74.7)
(72.6, -0.1, 74.8)
(72.9, -0.1, 74.8)
(75.7, -0.1, 74.9)
(75.9, -0.1, 74.9)
(78.8, -0.1, 75.0)
(79.1, -0.1, 75.0)
(81.9, -0.1, 75.1)
(82.1, -0.1, 75.1)
(85.0, -0.1, 75.2)
(85.3, -0.1, 75.2)
(88.1, -0.1, 75.3)
(88.3, -0.1, 75.3)
(91.4, -0.1, 75.4)
(91.7, -0.1, 75.4)
(94.6, -0.1, 75.5)
(94.8, -0.1, 75.5)
(97.4, -0.1, 75.6)
(97.7, -0.1, 75.6)
(100.8, -0.1, 75.7)
(101.0, -0.1, 75.7)
(103.9, -0.1, 75.8)
(104.1, -0.1, 75.8)
(107.0, -0.1, 75.9)
(107.2, -0.1, 75.9)
(110.1, -0.1, 76.0)
(110.3, -0.1, 76.0)
(113.2, -0.1, 76.1)
(113.4, -0.1, 76.1)
(116.3, -0.1, 76.2)
(116.5, -0.1, 76.2)
(119.4, -0.1, 76.3)
(119.6, -0.1, 76.3)
(122.5, -0.1, 76.4)
(122.7, -0.1, 76.4)
(125.6, -0.1, 76.5)
(125.8, -0.1, 76.5)
(128.7, -0.1, 76.6)
(128.9, -0.1, 76.6)
(131.8, -0.1, 76.7)
(132.0, -0.1, 76.7)
(134.9, -0.1, 76.8)
(135.1, -0.1, 76.8)
(138.0, -0.1, 76.9)
(138.3, -0.1, 76.9)
(141.1, -0.1, 77.0)
(141.4, -0.1, 77.0)
(144.2, -0.1, 77.1)
(144.4, -0.1, 77.1)
(147.3, -0.1, 77.2)
(147.6, -0.1, 77.2)
(150.4, -0.1, 77.3)
(150.7, -0.1, 77.3)
(153.5, -0.1, 77.4)
(153.7, -0.1, 77.4)
(156.6, -0.1, 77.5)
(156.9, -0.1, 77.5)
(159.7, -0.1, 77.6)
(160.0, -0.1, 77.6)
(162.8, -0.1, 77.7)
(163.0, -0.1, 77.7)
(165.9, -0.1, 77.8)
(166.2, -0.1, 77.8)
(169.0, -0.1, 77.9)
(169.3, -0.1, 77.9)
(172.1, -0.1, 78.0)
(172.4, -0.1, 78.0)
(175.2, -0.1, 78.1)
(175.5, -0.1, 78.1)
(178.3, -0.1, 78.2)
(178.6, -0.1, 78.2)
(181.5, -0.1, 78.3)
(181.7, -0.1, 78.3)
(184.6, -0.1, 78.4)
(184.8, -0.1, 78.4)
(187.6, -0.1, 78.5)
(187.9, -0.1, 78.5)
(190.8, -0.1, 78.6)
(191.0, -0.1, 78.6)
(194.1, -0.1, 78.7)
(194.3, -0.1, 78.7)
(195.6, -0.1, 78.8)
(195.8, -0.1, 78.9)
(195.9, -0.1, 79.0)
(196.2, -0.1, 79.1)
(196.4, -0.1, 79.2)
(197.4, -0.1, 79.8)
(197.6, -0.1, 80.0)
(197.8, -0.1, 80.1)
(198.3, -0.1, 80.3)
(198.4, -0.1, 80.4)
(198.7, -0.1, 80.6)
(198.9, -0.1, 80.7)
(199.0, -0.1, 80.8)
(199.3, -0.1, 80.9)
(199.5, -0.1, 81.0)
(199.7, -0.1, 81.2)
(199.9, -0.1, 81.3)
(200.1, -0.1, 81.4)
(200.3, -0.1, 81.5)
(200.5, -0.1, 81.7)
(200.7, -0.1, 81.8)
(200.9, -0.1, 82.0)
(201.1, -0.1, 82.1)
(201.2, -0.1, 82.2)
(201.5, -0.1, 82.4)
(201.7, -0.1, 82.5)
(202.1, -0.1, 82.7)
(202.3, -0.1, 82.8)
(202.5, -0.1, 83.0)
(202.9, -0.1, 83.3)
(203.1, -0.1, 83.4)
(203.3, -0.1, 83.5)
(203.5, -0.1, 83.7)
(203.7, -0.1, 83.8)
(203.9, -0.1, 84.0)
(204.0, -0.1, 84.1)
(204.2, -0.1, 84.2)
(204.4, -0.1, 84.3)
(204.6, -0.1, 84.5)
(204.8, -0.1, 84.6)
(205.0, -0.1, 84.8)
(205.2, -0.1, 84.9)
(205.4, -0.1, 85.1)
(205.7, -0.1, 85.3)
(205.8, -0.1, 85.4)
(206.0, -0.1, 85.5)
(206.4, -0.1, 85.8)
(206.6, -0.1, 86.0)
(206.8, -0.1, 86.1)
(207.2, -0.1, 86.4)
(207.4, -0.1, 86.6)
(207.5, -0.1, 86.7)
(207.7, -0.1, 86.8)
(207.9, -0.1, 86.9)
(208.1, -0.1, 87.1)
(208.3, -0.1, 87.2)
(208.5, -0.1, 87.4)
(208.7, -0.1, 87.6)
(208.9, -0.1, 87.7)
(209.0, -0.1, 87.8)
(209.3, -0.1, 88.0)
(209.4, -0.1, 88.2)
(209.6, -0.1, 88.3)
(209.9, -0.1, 88.6)
(210.2, -0.1, 88.8)
(210.4, -0.1, 88.9)
(210.6, -0.1, 89.1)
(210.6, -0.1, 89.2)
(210.9, -0.1, 89.3)
(211.1, -0.1, 89.5)
(211.3, -0.1, 89.7)
(211.5, -0.1, 89.8)
(211.6, -0.1, 90.0)
(211.8, -0.1, 90.2)
(211.9, -0.1, 90.2)
(212.2, -0.1, 90.4)
(212.4, -0.1, 90.6)
(212.6, -0.1, 90.7)
(212.7, -0.1, 90.9)
(212.9, -0.1, 91.1)
(213.1, -0.1, 91.2)
(213.3, -0.1, 91.4)
(213.5, -0.1, 91.5)
(213.7, -0.1, 91.7)
(213.9, -0.1, 91.9)
(214.1, -0.1, 92.1)
(214.2, -0.1, 92.2)
(214.4, -0.1, 92.3)
(214.6, -0.1, 92.5)
(214.7, -0.1, 92.6)
(215.0, -0.1, 92.8)
(215.1, -0.1, 93.0)
(215.3, -0.1, 93.1)
(215.5, -0.1, 93.3)
(215.7, -0.1, 93.5)
(215.8, -0.1, 93.7)
(216.0, -0.1, 93.8)
(216.1, -0.1, 93.9)
(216.3, -0.1, 94.1)
(216.5, -0.1, 94.3)
(216.7, -0.1, 94.5)
(216.9, -0.1, 94.6)
(217.0, -0.1, 94.7)
(217.2, -0.1, 95.0)
(217.4, -0.1, 95.1)
(217.6, -0.1, 95.3)
(217.8, -0.1, 95.4)
(217.9, -0.1, 95.6)
(218.1, -0.1, 95.7)
(218.2, -0.1, 95.9)
(218.4, -0.1, 96.1)
(218.6, -0.1, 96.2)
(218.8, -0.1, 96.4)
(219.0, -0.1, 96.6)
(219.1, -0.1, 96.8)
(219.3, -0.1, 96.9)
(219.5, -0.1, 97.1)
(219.6, -0.1, 97.2)
(219.8, -0.1, 97.4)
(220.0, -0.1, 97.6)
(220.2, -0.1, 97.8)
(220.4, -0.1, 97.9)
(220.5, -0.1, 98.0)
(220.7, -0.1, 98.3)
(220.9, -0.1, 98.4)
(221.1, -0.1, 98.6)
(221.2, -0.1, 98.7)
(221.4, -0.1, 98.9)
(221.6, -0.1, 99.1)
(221.8, -0.1, 99.3)
(221.9, -0.1, 99.4)
(222.1, -0.1, 99.6)
(222.2, -0.1, 99.7)
(222.4, -0.1, 100.0)
(222.6, -0.1, 100.1)
(222.8, -0.1, 100.3)
(222.9, -0.1, 100.4)
(223.1, -0.1, 100.6)
(223.3, -0.1, 100.8)
(223.5, -0.1, 100.9)
(223.6, -0.1, 101.1)
(223.8, -0.1, 101.3)
(223.9, -0.1, 101.4)
(224.1, -0.1, 101.6)
(224.3, -0.1, 101.8)
(224.5, -0.1, 102.0)
(224.6, -0.1, 102.1)
(224.8, -0.1, 102.3)
(225.0, -0.1, 102.5)
(225.1, -0.1, 102.6)
(225.3, -0.1, 102.8)
(225.5, -0.1, 103.0)
(225.6, -0.1, 103.1)
(225.8, -0.1, 103.3)
(226.0, -0.1, 103.5)
(226.6, -0.1, 104.2)
(226.8, -0.1, 104.3)
(227.0, -0.1, 104.5)
(227.3, -0.1, 104.9)
(227.5, -0.1, 105.0)
(227.7, -0.1, 105.2)
(227.9, -0.1, 105.4)
(228.0, -0.1, 105.5)
(228.2, -0.1, 105.7)
(228.4, -0.1, 105.9)
(228.5, -0.1, 106.0)
(228.7, -0.1, 106.2)
(228.9, -0.1, 106.3)
(229.0, -0.1, 106.6)
(229.2, -0.1, 106.7)
(229.4, -0.1, 106.9)
(229.6, -0.1, 107.1)
(229.7, -0.1, 107.2)
(229.9, -0.1, 107.4)
(230.0, -0.1, 107.6)
(230.2, -0.1, 107.8)
(230.4, -0.1, 107.9)
(230.6, -0.1, 108.0)
(230.7, -0.1, 108.3)
(230.9, -0.1, 108.4)
(231.1, -0.1, 108.6)
(231.2, -0.1, 108.8)
(231.4, -0.1, 109.0)
(231.6, -0.1, 109.1)
(231.7, -0.1, 109.3)
(231.9, -0.1, 109.5)
(232.1, -0.1, 109.6)
(232.3, -0.1, 109.8)
(232.4, -0.1, 110.0)
(232.6, -0.1, 110.1)
(232.7, -0.1, 110.3)
(232.9, -0.1, 110.5)
(233.1, -0.1, 110.7)
(233.3, -0.1, 110.8)
(233.4, -0.1, 111.0)
(233.6, -0.1, 111.2)
(233.8, -0.1, 111.3)
(234.0, -0.1, 111.5)
(234.1, -0.1, 111.7)
(234.3, -0.1, 111.8)
(234.4, -0.1, 112.0)
(234.6, -0.1, 112.1)
(234.8, -0.1, 112.4)
(235.0, -0.1, 112.5)
(235.1, -0.1, 112.7)
(235.3, -0.1, 112.8)
(235.4, -0.1, 113.0)
(235.7, -0.1, 113.2)
(235.8, -0.1, 113.4)
(236.0, -0.1, 113.5)
(236.1, -0.1, 113.7)
(236.3, -0.1, 113.8)
(236.5, -0.1, 114.1)
(236.7, -0.1, 114.2)
(236.8, -0.1, 114.3)
(237.0, -0.1, 114.6)
(237.2, -0.1, 114.7)
(237.4, -0.1, 114.9)
(237.5, -0.1, 115.1)
(237.7, -0.1, 115.2)
(237.8, -0.1, 115.4)
(238.0, -0.1, 115.5)
(238.2, -0.1, 115.7)
(238.4, -0.1, 115.9)
(238.5, -0.1, 116.1)
(238.7, -0.1, 116.2)
(238.9, -0.1, 116.4)
(239.1, -0.1, 116.6)
(239.2, -0.1, 116.8)
(239.4, -0.1, 116.9)
(239.5, -0.1, 117.1)
(239.7, -0.1, 117.2)
(239.9, -0.1, 117.4)
(240.1, -0.1, 117.6)
(240.2, -0.1, 117.8)
(240.4, -0.1, 117.9)
(240.5, -0.1, 118.1)
(240.8, -0.1, 118.3)
(240.9, -0.1, 118.5)
(241.0, -0.1, 118.6)
(241.2, -0.1, 118.8)
(241.4, -0.1, 119.0)
(241.6, -0.1, 119.1)
(241.8, -0.1, 119.3)
(241.9, -0.1, 119.5)
(242.1, -0.1, 119.6)
(242.3, -0.1, 119.8)
(242.5, -0.1, 120.0)
(242.6, -0.1, 120.2)
(242.8, -0.1, 120.3)
(242.9, -0.1, 120.5)
(243.1, -0.1, 120.7)
(243.3, -0.1, 120.8)
(243.5, -0.1, 121.0)
(243.6, -0.1, 121.2)
(243.8, -0.1, 121.3)
(243.9, -0.1, 121.5)
(244.2, -0.1, 121.7)
(244.3, -0.1, 121.9)
(244.5, -0.1, 122.0)
(244.6, -0.1, 122.2)
(244.8, -0.1, 122.4)
(245.0, -0.1, 122.6)
(245.1, -0.1, 122.7)
(245.3, -0.1, 122.9)
(245.5, -0.1, 123.0)
(245.6, -0.1, 123.2)
(245.9, -0.1, 123.4)
(246.0, -0.1, 123.6)
(246.2, -0.1, 123.7)
(246.3, -0.1, 123.9)
(246.5, -0.1, 124.1)
(246.7, -0.1, 124.3)
(246.8, -0.1, 124.4)
(247.0, -0.1, 124.6)
(247.2, -0.1, 124.7)
(247.4, -0.1, 124.9)
(247.5, -0.1, 125.1)
(247.7, -0.1, 125.3)
(247.8, -0.1, 125.4)
(248.0, -0.1, 125.6)
(248.2, -0.1, 125.8)
(248.4, -0.1, 126.0)
(248.5, -0.1, 126.1)
(248.7, -0.1, 126.2)
(248.9, -0.1, 126.4)
(249.0, -0.1, 126.6)
(249.2, -0.1, 126.8)
(249.4, -0.1, 127.0)
(249.5, -0.1, 127.1)
(249.7, -0.1, 127.3)
(249.9, -0.1, 127.5)
(250.1, -0.1, 127.7)
(250.2, -0.1, 127.8)
(250.4, -0.1, 127.9)
(250.6, -0.1, 128.2)
(250.7, -0.1, 128.3)
(250.9, -0.1, 128.5)
(251.1, -0.1, 128.7)
(251.2, -0.1, 128.8)
(251.4, -0.1, 129.0)
(251.6, -0.1, 129.2)
(251.7, -0.1, 129.4)
(251.9, -0.1, 129.5)
(252.1, -0.1, 129.6)
(252.3, -0.1, 129.8)
(252.4, -0.1, 130.0)
(252.6, -0.1, 130.2)
(252.8, -0.1, 130.3)
(252.9, -0.1, 130.5)
(253.1, -0.1, 130.7)
(253.3, -0.1, 130.9)
(253.5, -0.1, 131.1)
(253.6, -0.1, 131.2)
(253.8, -0.1, 131.4)
(254.0, -0.1, 131.6)
(254.1, -0.1, 131.8)
(254.3, -0.1, 131.9)
(254.5, -0.1, 132.0)
(254.6, -0.1, 132.2)
(254.8, -0.1, 132.4)
(254.9, -0.1, 132.6)
(255.2, -0.1, 132.8)
(255.3, -0.1, 132.9)
(255.5, -0.1, 133.1)
(255.7, -0.1, 133.3)
(255.8, -0.1, 133.4)
(256.0, -0.1, 133.6)
(256.2, -0.1, 133.7)
(256.3, -0.1, 133.9)
(256.5, -0.1, 134.1)
(256.6, -0.1, 134.3)
(256.8, -0.1, 134.5)
(257.0, -0.1, 134.6)
(257.2, -0.1, 134.8)
(257.4, -0.1, 135.0)
(257.5, -0.1, 135.1)
(257.7, -0.1, 135.3)
(257.9, -0.1, 135.4)
(258.0, -0.1, 135.6)
(258.2, -0.1, 135.8)
(258.3, -0.1, 136.0)
(258.5, -0.1, 136.1)
(258.7, -0.1, 136.3)
(258.9, -0.1, 136.5)
(259.0, -0.1, 136.7)
(259.2, -0.1, 136.9)
(259.4, -0.1, 137.0)
(259.6, -0.1, 137.1)
(259.7, -0.1, 137.3)
(259.9, -0.1, 137.5)
(260.0, -0.1, 137.7)
(260.2, -0.1, 137.8)
(260.4, -0.1, 138.0)
(260.6, -0.1, 138.2)
(260.7, -0.1, 138.4)
(260.9, -0.1, 138.6)
(261.0, -0.1, 138.7)
(261.3, -0.1, 138.8)
(261.3, -0.1, 139.0)
(261.6, -0.1, 139.2)
(261.7, -0.1, 139.4)
(262.0, -0.1, 139.5)
(262.1, -0.1, 139.7)
(262.3, -0.1, 139.9)
(262.4, -0.1, 140.1)
(262.6, -0.1, 140.2)
(262.7, -0.1, 140.4)
(263.0, -0.1, 140.6)
(263.1, -0.1, 140.8)
(263.3, -0.1, 140.9)
(263.4, -0.1, 141.1)
(263.6, -0.1, 141.2)
(263.8, -0.1, 141.4)
(263.9, -0.1, 141.5)
(264.1, -0.1, 141.8)
(264.3, -0.1, 141.9)
(264.5, -0.1, 142.1)
(264.7, -0.1, 142.2)
(264.8, -0.1, 142.5)
(264.9, -0.1, 142.6)
(265.1, -0.1, 142.8)
(265.3, -0.1, 142.9)
(265.5, -0.1, 143.1)
(265.7, -0.1, 143.3)
(265.8, -0.1, 143.5)
(266.0, -0.1, 143.6)
(266.1, -0.1, 143.8)
(266.4, -0.1, 144.0)
(266.5, -0.1, 144.1)
(266.7, -0.1, 144.3)
(266.8, -0.1, 144.5)
(267.0, -0.1, 144.6)
(267.2, -0.1, 144.8)
(267.4, -0.1, 145.0)
(267.5, -0.1, 145.2)
(267.7, -0.1, 145.3)
(267.8, -0.1, 145.4)
(268.1, -0.1, 145.6)
(268.2, -0.1, 145.9)
(268.3, -0.1, 146.0)
(268.5, -0.1, 146.2)
(268.7, -0.1, 146.3)
(268.9, -0.1, 146.5)
(269.0, -0.1, 146.7)
(269.2, -0.1, 146.9)
(269.4, -0.1, 147.0)
(269.5, -0.1, 147.2)
(269.8, -0.1, 147.4)
(269.9, -0.1, 147.6)
(270.1, -0.1, 147.7)
(270.2, -0.1, 147.9)
(270.4, -0.1, 148.0)
(270.6, -0.1, 148.3)
(270.7, -0.1, 148.4)
(270.9, -0.1, 148.6)
(271.1, -0.1, 148.7)
(271.2, -0.1, 148.9)
(271.5, -0.1, 149.0)
(271.6, -0.1, 149.3)
(271.8, -0.1, 149.4)
(271.9, -0.1, 149.6)
(272.1, -0.1, 149.7)
(272.3, -0.1, 150.0)
(272.4, -0.1, 150.1)
(272.6, -0.1, 150.2)
(272.8, -0.1, 150.4)
(272.9, -0.1, 150.6)
(273.1, -0.1, 150.8)
(273.3, -0.1, 151.0)
(273.5, -0.1, 151.1)
(273.6, -0.1, 151.3)
(273.8, -0.1, 151.4)
(274.0, -0.1, 151.6)
(274.1, -0.1, 151.8)
(274.3, -0.1, 151.9)
(274.5, -0.1, 152.1)
(274.6, -0.1, 152.3)
(274.8, -0.1, 152.5)
(275.0, -0.1, 152.7)
(275.1, -0.1, 152.8)
(275.3, -0.1, 153.0)
(275.5, -0.1, 153.1)
(275.6, -0.1, 153.3)
(275.8, -0.1, 153.5)
(276.0, -0.1, 153.6)
(276.2, -0.1, 153.8)
(276.3, -0.1, 154.0)
(276.5, -0.1, 154.2)
(276.7, -0.1, 154.3)
(276.8, -0.1, 154.5)
(277.0, -0.1, 154.7)
(277.2, -0.1, 154.8)
(277.4, -0.1, 155.1)
(277.5, -0.1, 155.2)
(277.7, -0.1, 155.3)
(277.9, -0.1, 155.5)
(278.0, -0.1, 155.7)
(278.2, -0.1, 155.8)
(278.4, -0.1, 156.0)
(278.5, -0.1, 156.2)
(278.7, -0.1, 156.4)
(278.8, -0.1, 156.5)
(279.0, -0.1, 156.7)
(279.4, -0.1, 157.0)
(279.6, -0.1, 157.2)
(279.7, -0.1, 157.4)
(279.9, -0.1, 157.5)
(280.1, -0.1, 157.7)
(280.2, -0.1, 157.9)
(280.4, -0.1, 158.1)
(280.5, -0.1, 158.2)
(280.8, -0.1, 158.4)
(280.9, -0.1, 158.6)
(281.1, -0.1, 158.8)
(281.3, -0.1, 158.9)
(281.4, -0.1, 159.1)
(281.5, -0.1, 159.2)
(281.8, -0.1, 159.4)
(281.9, -0.1, 159.6)
(282.1, -0.1, 159.8)
(282.2, -0.1, 159.9)
(282.4, -0.1, 160.0)
(282.6, -0.1, 160.3)
(282.8, -0.1, 160.5)
(282.9, -0.1, 160.6)
(283.1, -0.1, 160.8)
(283.3, -0.1, 161.0)
(283.5, -0.1, 161.2)
(283.6, -0.1, 161.3)
(283.8, -0.1, 161.5)
(284.0, -0.1, 161.7)
(284.1, -0.1, 161.8)
(284.3, -0.1, 162.0)
(284.5, -0.1, 162.2)
(284.8, -0.1, 162.5)
(285.0, -0.1, 162.7)
(285.3, -0.1, 163.0)
(285.5, -0.1, 163.2)
(285.8, -0.1, 163.5)
(286.0, -0.1, 163.7)
(286.4, -0.1, 164.1)
(286.5, -0.1, 164.2)
(286.7, -0.1, 164.4)
(286.9, -0.1, 164.6)
(287.0, -0.1, 164.7)
(287.1, -0.1, 164.8)
(287.4, -0.1, 165.1)
(287.5, -0.1, 165.2)
(287.7, -0.1, 165.4)
(287.9, -0.1, 165.6)
(288.0, -0.1, 165.7)
(288.2, -0.1, 165.9)
(288.4, -0.1, 166.1)
(288.6, -0.1, 166.3)
(288.7, -0.1, 166.4)
(288.9, -0.1, 166.6)
(289.1, -0.1, 166.8)
(289.2, -0.1, 166.9)
(289.4, -0.1, 167.1)
(289.6, -0.1, 167.3)
(289.7, -0.1, 167.4)
(289.9, -0.1, 167.6)
(290.1, -0.1, 167.8)
(290.2, -0.1, 167.9)
(290.4, -0.1, 168.1)
(290.6, -0.1, 168.3)
(290.8, -0.1, 168.5)
(290.9, -0.1, 168.6)
(291.1, -0.1, 168.8)
(291.3, -0.1, 169.0)
(291.5, -0.1, 169.2)
(291.6, -0.1, 169.3)
(291.8, -0.1, 169.5)
(291.9, -0.1, 169.6)
(292.1, -0.1, 169.8)
(292.3, -0.1, 170.0)
(292.5, -0.1, 170.2)
(292.6, -0.1, 170.3)
(292.8, -0.1, 170.5)
(293.0, -0.1, 170.7)
(293.1, -0.1, 170.8)
(293.3, -0.1, 171.0)
(293.5, -0.1, 171.2)
(293.6, -0.1, 171.3)
(293.8, -0.1, 171.5)
(294.0, -0.1, 171.7)
(294.1, -0.1, 171.8)
(294.3, -0.1, 172.0)
(294.5, -0.1, 172.2)
(294.8, -0.1, 172.5)
(295.0, -0.1, 172.7)
(295.4, -0.1, 173.1)
(295.5, -0.1, 173.2)
(295.7, -0.1, 173.4)
(295.9, -0.1, 173.6)
(296.0, -0.1, 173.7)
(296.1, -0.1, 173.8)
(296.3, -0.1, 174.0)
(296.5, -0.1, 174.2)
(296.9, -0.1, 174.6)
(297.0, -0.1, 174.7)
(297.2, -0.1, 174.9)
(297.4, -0.1, 175.1)
(297.5, -0.1, 175.2)
(297.7, -0.1, 175.4)
(297.9, -0.1, 175.6)
(298.0, -0.1, 175.7)
(298.2, -0.1, 175.9)
(298.4, -0.1, 176.1)
(298.6, -0.1, 176.3)
(298.7, -0.1, 176.4)
(298.9, -0.1, 176.6)
(299.1, -0.1, 176.8)
(299.2, -0.1, 176.9)
(299.4, -0.1, 177.1)
(299.6, -0.1, 177.3)
(299.7, -0.1, 177.4)
(299.9, -0.1, 177.6)
(300.1, -0.1, 177.8)
(300.3, -0.1, 178.0)
(300.4, -0.1, 178.1)
(300.6, -0.1, 178.3)
(300.8, -0.1, 178.5)
(301.0, -0.1, 178.7)
(301.1, -0.1, 178.8)
(301.3, -0.1, 179.0)
(301.5, -0.1, 179.2)
(301.6, -0.1, 179.3)
(301.8, -0.1, 179.5)
(302.0, -0.1, 179.7)
(302.1, -0.1, 179.8)
(302.3, -0.1, 180.0)
(302.5, -0.1, 180.2)
(302.6, -0.1, 180.3)
(302.8, -0.1, 180.5)
(303.0, -0.1, 180.7)
(303.3, -0.1, 181.0)
(303.5, -0.1, 181.2)
(303.8, -0.1, 181.5)
(304.0, -0.1, 181.7)
(304.3, -0.1, 182.0)
(304.5, -0.1, 182.2)
(304.8, -0.1, 182.5)
(305.0, -0.1, 182.7)
(305.4, -0.1, 183.1)
(305.5, -0.1, 183.2)
(305.7, -0.1, 183.4)
(305.9, -0.1, 183.6)
(306.0, -0.1, 183.7)
(306.2, -0.1, 183.9)
(306.4, -0.1, 184.1)
(306.5, -0.1, 184.2)
(306.7, -0.1, 184.4)
(306.9, -0.1, 184.6)
(307.1, -0.1, 184.8)
(307.2, -0.1, 184.9)
(307.4, -0.1, 185.1)
(307.6, -0.1, 185.2)
(307.7, -0.1, 185.4)
(307.9, -0.1, 185.6)
(308.1, -0.1, 185.8)
(308.3, -0.1, 185.9)
(308.4, -0.1, 186.1)
(308.6, -0.1, 186.3)
(308.8, -0.1, 186.5)
(308.9, -0.1, 186.6)
(309.0, -0.1, 186.7)
(309.3, -0.1, 187.0)
(309.4, -0.1, 187.1)
(309.6, -0.1, 187.3)
(309.8, -0.1, 187.5)
(309.9, -0.1, 187.6)
(310.1, -0.1, 187.8)
(310.3, -0.1, 188.0)
(310.4, -0.1, 188.1)
(310.6, -0.1, 188.3)
(310.8, -0.1, 188.5)
(311.0, -0.1, 188.6)
(311.1, -0.1, 188.8)
(311.3, -0.1, 189.0)
(311.5, -0.1, 189.2)
(311.6, -0.1, 189.3)
(311.8, -0.1, 189.5)
(312.0, -0.1, 189.7)
(312.1, -0.1, 189.8)
(312.3, -0.1, 190.0)
(312.5, -0.1, 190.2)
(312.6, -0.1, 190.3)
(312.8, -0.1, 190.5)
(312.9, -0.1, 190.6)
(313.2, -0.1, 190.9)
(313.3, -0.1, 191.0)
(313.5, -0.1, 191.2)
(313.8, -0.1, 191.5)
(314.0, -0.1, 191.7)
(314.3, -0.1, 192.0)
(314.5, -0.1, 192.2)
(314.9, -0.1, 192.6)
(315.0, -0.1, 192.7)
(315.2, -0.1, 192.9)
(315.4, -0.1, 193.1)
(315.5, -0.1, 193.2)
(315.7, -0.1, 193.4)
(315.9, -0.1, 193.6)
(316.0, -0.1, 193.7)
(316.2, -0.1, 193.9)
(316.4, -0.1, 194.1)
(316.6, -0.1, 194.3)
(316.7, -0.1, 194.4)
(316.9, -0.1, 194.6)
(317.1, -0.1, 194.8)
(317.2, -0.1, 194.9)
(317.4, -0.1, 195.1)
(317.6, -0.1, 195.3)
(317.8, -0.1, 195.5)
(317.9, -0.1, 195.6)
(318.1, -0.1, 195.8)
(318.2, -0.1, 195.9)
(318.4, -0.1, 196.1)
(318.6, -0.1, 196.3)
(318.8, -0.1, 196.5)
(318.9, -0.1, 196.6)
(319.1, -0.1, 196.8)
(319.3, -0.1, 197.0)
(319.5, -0.1, 197.1)
(319.6, -0.1, 197.3)
(319.8, -0.1, 197.5)
(320.0, -0.1, 197.6)
(320.1, -0.1, 197.8)
(320.3, -0.1, 198.0)
(320.4, -0.1, 198.1)
(320.6, -0.1, 198.3)
(320.8, -0.1, 198.5)
(321.0, -0.1, 198.7)
(321.1, -0.1, 198.8)
(321.3, -0.1, 199.0)
(321.5, -0.1, 199.2)
(321.6, -0.1, 199.3)
(321.8, -0.1, 199.5)
(322.0, -0.1, 199.6)
(322.2, -0.1, 199.9)
(322.3, -0.1, 200.0)
(322.5, -0.1, 200.2)
(322.8, -0.1, 200.5)
(323.0, -0.1, 200.7)
(323.1, -0.1, 200.8)
(323.4, -0.1, 201.0)
(323.5, -0.1, 201.2)
(323.7, -0.1, 201.4)
(323.9, -0.1, 201.6)
(324.0, -0.1, 201.7)
(324.2, -0.1, 201.9)
(324.4, -0.1, 202.1)
(324.5, -0.1, 202.2)
(324.7, -0.1, 202.4)
(324.9, -0.1, 202.6)
(325.0, -0.1, 202.7)
(325.2, -0.1, 202.9)
(325.4, -0.1, 203.1)
(325.6, -0.1, 203.3)
(325.7, -0.1, 203.4)
(325.8, -0.1, 203.5)
(326.1, -0.1, 203.8)
(326.2, -0.1, 203.9)
(326.4, -0.1, 204.1)
(326.6, -0.1, 204.3)
(326.7, -0.1, 204.4)
(326.9, -0.1, 204.6)
(327.1, -0.1, 204.8)
(327.2, -0.1, 204.9)
(327.4, -0.1, 205.1)
(327.6, -0.1, 205.3)
(327.8, -0.1, 205.5)
(327.9, -0.1, 205.6)
(328.1, -0.1, 205.8)
(328.3, -0.1, 206.0)
(328.4, -0.1, 206.1)
(328.6, -0.1, 206.3)
(328.8, -0.1, 206.5)
(329.0, -0.1, 206.6)
(329.1, -0.1, 206.8)
(329.3, -0.1, 207.0)
(329.5, -0.1, 207.1)
(329.6, -0.1, 207.3)
(329.8, -0.1, 207.5)
(330.0, -0.1, 207.7)
(330.1, -0.1, 207.8)
(330.3, -0.1, 208.0)
(330.5, -0.1, 208.2)
(330.7, -0.1, 208.3)
(330.8, -0.1, 208.5)
(331.0, -0.1, 208.7)
(331.3, -0.1, 209.0)
(331.5, -0.1, 209.2)
(331.7, -0.1, 209.3)
(331.8, -0.1, 209.5)
(332.0, -0.1, 209.7)
(332.4, -0.1, 210.0)
(332.5, -0.1, 210.2)
(332.7, -0.1, 210.4)
(332.8, -0.1, 210.5)
(333.0, -0.1, 210.7)
(333.4, -0.1, 211.1)
(333.5, -0.1, 211.2)
(333.7, -0.1, 211.4)
(333.9, -0.1, 211.6)
(334.0, -0.1, 211.7)
(334.2, -0.1, 211.9)
(334.4, -0.1, 212.1)
(334.5, -0.1, 212.2)
(334.7, -0.1, 212.4)
(334.8, -0.1, 212.5)
(335.1, -0.1, 212.8)
(335.2, -0.1, 212.9)
(335.4, -0.1, 213.1)
(335.6, -0.1, 213.3)
(335.7, -0.1, 213.4)
(335.9, -0.1, 213.6)
(336.1, -0.1, 213.8)
(336.2, -0.1, 213.9)
(336.4, -0.1, 214.1)
(336.6, -0.1, 214.3)
(336.8, -0.1, 214.5)
(336.9, -0.1, 214.6)
(337.1, -0.1, 214.8)
(337.3, -0.1, 215.0)
(337.4, -0.1, 215.1)
(337.6, -0.1, 215.3)
(337.8, -0.1, 215.5)
(337.9, -0.1, 215.6)
(338.1, -0.1, 215.8)
(338.3, -0.1, 216.0)
(338.4, -0.1, 216.1)
(338.6, -0.1, 216.3)
(338.8, -0.1, 216.5)
(339.0, -0.1, 216.6)
(339.1, -0.1, 216.8)
(339.3, -0.1, 217.0)
(339.5, -0.1, 217.2)
(339.6, -0.1, 217.3)
(339.8, -0.1, 217.5)
(340.0, -0.1, 217.6)
(340.1, -0.1, 217.8)
(340.3, -0.1, 218.0)
(340.5, -0.1, 218.2)
(340.8, -0.1, 218.5)
(341.0, -0.1, 218.7)
(341.2, -0.1, 218.8)
(341.3, -0.1, 219.0)
(341.5, -0.1, 219.2)
(341.8, -0.1, 219.5)
(342.0, -0.1, 219.7)
(342.4, -0.1, 220.0)
(342.5, -0.1, 220.2)
(342.7, -0.1, 220.4)
(342.9, -0.1, 220.6)
(343.0, -0.1, 220.7)
(343.2, -0.1, 220.9)
(343.4, -0.1, 221.1)
(343.5, -0.1, 221.2)
(343.7, -0.1, 221.4)
(343.8, -0.1, 221.5)
(344.1, -0.1, 221.7)
(344.2, -0.1, 221.9)
(344.4, -0.1, 222.1)
(344.6, -0.1, 222.3)
(344.7, -0.1, 222.4)
(344.9, -0.1, 222.6)
(345.1, -0.1, 222.8)
(345.2, -0.1, 222.9)
(345.4, -0.1, 223.1)
(345.6, -0.1, 223.3)
(345.8, -0.1, 223.4)
(345.9, -0.1, 223.6)
(346.1, -0.1, 223.8)
(346.3, -0.1, 224.0)
(346.4, -0.1, 224.1)
(346.6, -0.1, 224.3)
(346.8, -0.1, 224.5)
(346.9, -0.1, 224.6)
(347.1, -0.1, 224.8)
(347.3, -0.1, 225.0)
(347.4, -0.1, 225.1)
(347.6, -0.1, 225.3)
(347.8, -0.1, 225.5)
(347.9, -0.1, 225.6)
(348.1, -0.1, 225.8)
(348.3, -0.1, 226.0)
(348.5, -0.1, 226.1)
(348.6, -0.1, 226.3)
(348.8, -0.1, 226.5)
(349.0, -0.1, 226.7)
(349.1, -0.1, 226.8)
(349.3, -0.1, 227.0)
(349.5, -0.1, 227.2)
(349.6, -0.1, 227.3)
(349.8, -0.1, 227.5)
(350.0, -0.1, 227.7)
(350.1, -0.1, 227.8)
(350.2, -0.1, 227.9)
(350.5, -0.1, 228.2)
(350.7, -0.1, 228.4)
(350.9, -0.1, 228.5)
(351.0, -0.1, 228.7)
(351.2, -0.1, 228.9)
(351.4, -0.1, 229.1)
(351.5, -0.1, 229.2)
(351.7, -0.1, 229.3)
(351.9, -0.1, 229.6)
(352.0, -0.1, 229.7)
(352.2, -0.1, 229.9)
(352.4, -0.1, 230.1)
(352.5, -0.1, 230.2)
(352.7, -0.1, 230.4)
(352.8, -0.1, 230.5)
(353.1, -0.1, 230.7)
(353.2, -0.1, 230.9)
(353.4, -0.1, 231.1)
(353.6, -0.1, 231.2)
(353.7, -0.1, 231.4)
(353.9, -0.1, 231.6)
(354.1, -0.1, 231.8)
(354.2, -0.1, 231.9)
(354.4, -0.1, 232.1)
(354.6, -0.1, 232.3)
(354.7, -0.1, 232.4)
(354.9, -0.1, 232.6)
(355.1, -0.1, 232.8)
(355.3, -0.1, 232.9)
(355.4, -0.1, 233.1)
(355.6, -0.1, 233.3)
(355.7, -0.1, 233.4)
(355.9, -0.1, 233.6)
(356.1, -0.1, 233.8)
(356.3, -0.1, 234.0)
(356.4, -0.1, 234.1)
(356.6, -0.1, 234.3)
(356.7, -0.1, 234.4)
(356.9, -0.1, 234.6)
(357.1, -0.1, 234.8)
(357.3, -0.1, 235.0)
(357.4, -0.1, 235.1)
(357.6, -0.1, 235.3)
(357.8, -0.1, 235.5)
(358.0, -0.1, 235.6)
(358.1, -0.1, 235.8)
(358.3, -0.1, 236.0)
(358.5, -0.1, 236.2)
(358.7, -0.1, 236.3)
(358.8, -0.1, 236.5)
(359.0, -0.1, 236.7)
(359.2, -0.1, 236.8)
(359.3, -0.1, 237.0)
(359.5, -0.1, 237.2)
(359.8, -0.1, 237.5)
(360.0, -0.1, 237.7)
(360.3, -0.1, 238.0)
(360.5, -0.1, 238.2)
(360.9, -0.1, 238.5)
(361.0, -0.1, 238.7)
(361.2, -0.1, 238.9)
(361.3, -0.1, 239.0)
(361.5, -0.1, 239.2)
(361.9, -0.1, 239.6)
(362.0, -0.1, 239.7)
(362.2, -0.1, 239.9)
(362.4, -0.1, 240.1)
(362.5, -0.1, 240.1)
(362.7, -0.1, 240.4)
(362.9, -0.1, 240.6)
(363.1, -0.1, 240.7)
(363.2, -0.1, 240.9)
(363.4, -0.1, 241.1)
(363.6, -0.1, 241.3)
(363.7, -0.1, 241.4)
(363.9, -0.1, 241.6)
(364.1, -0.1, 241.7)
(364.2, -0.1, 241.9)
(364.4, -0.1, 242.1)
(364.6, -0.1, 242.3)
(364.7, -0.1, 242.4)
(364.9, -0.1, 242.6)
(365.1, -0.1, 242.8)
(365.3, -0.1, 243.0)
(365.4, -0.1, 243.1)
(365.6, -0.1, 243.3)
(365.7, -0.1, 243.4)
(366.0, -0.1, 243.6)
(366.1, -0.1, 243.8)
(366.3, -0.1, 244.0)
(366.4, -0.1, 244.1)
(366.6, -0.1, 244.3)
(366.8, -0.1, 244.5)
(367.0, -0.1, 244.7)
(367.0, -0.1, 244.7)
(367.3, -0.1, 245.0)
(367.5, -0.1, 245.2)
(367.6, -0.1, 245.3)
(367.8, -0.1, 245.5)
(368.0, -0.1, 245.7)
(368.1, -0.1, 245.8)
(368.3, -0.1, 246.0)
(368.5, -0.1, 246.2)
(368.7, -0.1, 246.3)
(368.8, -0.1, 246.5)
(369.0, -0.1, 246.7)
(369.2, -0.1, 246.8)
(369.3, -0.1, 247.0)
(369.5, -0.1, 247.2)
(369.8, -0.1, 247.5)
(370.0, -0.1, 247.7)
(370.4, -0.1, 248.1)
(370.5, -0.1, 248.2)
(370.7, -0.1, 248.4)
(370.8, -0.1, 248.5)
(371.0, -0.1, 248.7)
(371.4, -0.1, 249.1)
(371.5, -0.1, 249.2)
(371.7, -0.1, 249.4)
(371.9, -0.1, 249.6)
(372.0, -0.1, 249.7)
(372.2, -0.1, 249.8)
(372.4, -0.1, 250.1)
(372.6, -0.1, 250.2)
(372.7, -0.1, 250.4)
(372.9, -0.1, 250.6)
(373.1, -0.1, 250.7)
(373.2, -0.1, 250.9)
(373.4, -0.1, 251.1)
(373.6, -0.1, 251.3)
(373.7, -0.1, 251.4)
(373.9, -0.1, 251.6)
(374.1, -0.1, 251.8)
(374.3, -0.1, 252.0)
(374.4, -0.1, 252.1)
(374.6, -0.1, 252.3)
(374.8, -0.1, 252.5)
(374.9, -0.1, 252.6)
(375.1, -0.1, 252.8)
(375.3, -0.1, 253.0)
(375.4, -0.1, 253.1)
(375.6, -0.1, 253.3)
(375.8, -0.1, 253.5)
(376.0, -0.1, 253.6)
(376.1, -0.1, 253.8)
(376.3, -0.1, 254.0)
(376.5, -0.1, 254.2)
(376.6, -0.1, 254.3)
(376.8, -0.1, 254.5)
(377.0, -0.1, 254.6)
(377.1, -0.1, 254.8)
(377.3, -0.1, 255.0)
(377.5, -0.1, 255.2)
(377.6, -0.1, 255.3)
(377.8, -0.1, 255.5)
(378.0, -0.1, 255.7)
(378.3, -0.1, 256.0)
(378.5, -0.1, 256.2)
(378.7, -0.1, 256.4)
(378.8, -0.1, 256.5)
(379.0, -0.1, 256.7)
(379.2, -0.1, 256.9)
(379.4, -0.1, 257.0)
(379.5, -0.1, 257.2)
(379.7, -0.1, 257.4)
(379.8, -0.1, 257.5)
(379.9, -0.1, 257.6)
(380.2, -0.1, 257.9)
(380.3, -0.1, 258.0)
(380.5, -0.1, 258.2)
(380.7, -0.1, 258.4)
(380.9, -0.1, 258.6)
(381.0, -0.1, 258.7)
(381.2, -0.1, 258.9)
(381.4, -0.1, 259.1)
(381.5, -0.1, 259.2)
(381.7, -0.1, 259.4)
(381.9, -0.1, 259.6)
(382.1, -0.1, 259.8)
(382.2, -0.1, 259.9)
(382.4, -0.1, 260.1)
(382.5, -0.1, 260.2)
(382.8, -0.1, 260.4)
(382.9, -0.1, 260.6)
(383.1, -0.1, 260.8)
(383.2, -0.1, 260.9)
(383.4, -0.1, 261.1)
(383.6, -0.1, 261.3)
(383.7, -0.1, 261.4)
(383.9, -0.1, 261.6)
(384.1, -0.1, 261.7)
(384.3, -0.1, 261.9)
(384.6, -0.1, 262.3)
(384.8, -0.1, 262.5)
(385.0, -0.1, 262.6)
(385.1, -0.1, 262.8)
(385.3, -0.1, 263.0)
(385.5, -0.1, 263.1)
(385.6, -0.1, 263.3)
(385.8, -0.1, 263.5)
(385.9, -0.1, 263.6)
(386.1, -0.1, 263.8)
(386.3, -0.1, 264.0)
(386.5, -0.1, 264.1)
(386.6, -0.1, 264.3)
(386.8, -0.1, 264.5)
(387.0, -0.1, 264.7)
(387.1, -0.1, 264.8)
(387.3, -0.1, 265.0)
(387.5, -0.1, 265.2)
(387.7, -0.1, 265.4)
(387.7, -0.1, 265.4)
(388.0, -0.1, 265.7)
(388.2, -0.1, 265.9)
(388.3, -0.1, 266.0)
(388.5, -0.1, 266.2)
(388.7, -0.1, 266.4)
(388.9, -0.1, 266.5)
(389.0, -0.1, 266.7)
(389.2, -0.1, 266.9)
(389.3, -0.1, 267.0)
(389.5, -0.1, 267.2)
(389.7, -0.1, 267.4)
(389.9, -0.1, 267.6)
(390.0, -0.1, 267.7)
(390.2, -0.1, 267.9)
(390.3, -0.1, 268.0)
(390.6, -0.1, 268.2)
(390.7, -0.1, 268.4)
(390.9, -0.1, 268.6)
(391.1, -0.1, 268.7)
(391.2, -0.1, 268.9)
(391.4, -0.1, 269.1)
(391.5, -0.1, 269.2)
(391.6, -0.1, 269.3)
(391.9, -0.1, 269.6)
(392.1, -0.1, 269.7)
(392.2, -0.1, 269.9)
(392.4, -0.1, 270.1)
(392.6, -0.1, 270.3)
(392.7, -0.1, 270.4)
(392.9, -0.1, 270.6)
(393.1, -0.1, 270.8)
(393.2, -0.1, 270.9)
(393.4, -0.1, 271.1)
(393.6, -0.1, 271.3)
(393.8, -0.1, 271.5)
(393.9, -0.1, 271.6)
(394.1, -0.1, 271.8)
(394.3, -0.1, 271.9)
(394.5, -0.1, 272.1)
(394.6, -0.1, 272.3)
(394.8, -0.1, 272.5)
(394.9, -0.1, 272.6)
(395.1, -0.1, 272.8)
(395.3, -0.1, 273.0)
(395.5, -0.1, 273.2)
(395.6, -0.1, 273.2)
(395.8, -0.1, 273.5)
(396.0, -0.1, 273.7)
(396.1, -0.1, 273.8)
(396.3, -0.1, 274.0)
(396.5, -0.1, 274.2)
(396.7, -0.1, 274.4)
(396.8, -0.1, 274.5)
(397.0, -0.1, 274.6)
(397.2, -0.1, 274.8)
(397.3, -0.1, 275.0)
(397.5, -0.1, 275.2)
(397.7, -0.1, 275.3)
(397.9, -0.1, 275.5)
(398.0, -0.1, 275.7)
(398.1, -0.1, 275.8)
(398.4, -0.1, 276.0)
(398.5, -0.1, 276.2)
(398.7, -0.1, 276.4)
(398.8, -0.1, 276.5)
(399.0, -0.1, 276.7)
(399.2, -0.1, 276.9)
(399.3, -0.1, 277.0)
(399.4, -0.1, 277.1)
(399.7, -0.1, 277.4)
(399.9, -0.1, 277.6)
(400.0, -0.1, 277.7)
(400.2, -0.1, 277.9)
(400.4, -0.1, 278.1)
(400.6, -0.1, 278.2)
(400.7, -0.1, 278.4)
(400.9, -0.1, 278.6)
(401.1, -0.1, 278.7)
(401.3, -0.1, 278.9)
(401.4, -0.1, 279.1)
(401.6, -0.1, 279.3)
(401.7, -0.1, 279.4)
(401.9, -0.1, 279.6)
(402.0, -0.1, 279.7)
(402.2, -0.1, 279.9)
(402.4, -0.1, 280.1)
(402.6, -0.1, 280.3)
(402.8, -0.1, 280.5)
(402.9, -0.1, 280.6)
(403.1, -0.1, 280.8)
(403.3, -0.1, 280.9)
(403.3, -0.1, 281.0)
(403.6, -0.1, 281.3)
(403.8, -0.1, 281.4)
(403.9, -0.1, 281.6)
(404.1, -0.1, 281.8)
(404.3, -0.1, 282.0)
(404.4, -0.1, 282.1)
(404.6, -0.1, 282.3)
(404.8, -0.1, 282.5)
(405.0, -0.1, 282.7)
(405.2, -0.1, 282.8)
(405.3, -0.1, 283.0)
(405.5, -0.1, 283.1)
(405.6, -0.1, 283.3)
(405.8, -0.1, 283.5)
(405.9, -0.1, 283.6)
(406.2, -0.1, 283.8)
(406.3, -0.1, 284.0)
(406.5, -0.1, 284.2)
(406.7, -0.1, 284.4)
(406.8, -0.1, 284.5)
(407.0, -0.1, 284.7)
(407.1, -0.1, 284.8)
(407.3, -0.1, 285.0)
(407.5, -0.1, 285.2)
(407.6, -0.1, 285.3)
(407.8, -0.1, 285.5)
(408.0, -0.1, 285.7)
(408.2, -0.1, 285.9)
(408.4, -0.1, 286.1)
(408.5, -0.1, 286.2)
(408.6, -0.1, 286.3)
(408.9, -0.1, 286.6)
(409.0, -0.1, 286.7)
(409.2, -0.1, 286.9)
(409.4, -0.1, 287.0)
(409.6, -0.1, 287.2)
(409.7, -0.1, 287.4)
(409.8, -0.1, 287.5)
(410.1, -0.1, 287.7)
(410.2, -0.1, 287.9)
(410.4, -0.1, 288.1)
(410.5, -0.1, 288.2)
(410.7, -0.1, 288.4)
(410.9, -0.1, 288.6)
(411.1, -0.1, 288.8)
(411.2, -0.1, 288.8)
(411.4, -0.1, 289.1)
(411.6, -0.1, 289.3)
(411.7, -0.1, 289.4)
(411.9, -0.1, 289.6)
(412.1, -0.1, 289.8)
(412.3, -0.1, 290.0)
(412.4, -0.1, 290.1)
(412.6, -0.1, 290.3)
(412.8, -0.1, 290.5)
(412.9, -0.1, 290.6)
(413.1, -0.1, 290.8)
(413.3, -0.1, 290.9)
(413.5, -0.1, 291.1)
(413.6, -0.1, 291.3)
(413.7, -0.1, 291.4)
(414.0, -0.1, 291.6)
(414.2, -0.1, 291.8)
(414.3, -0.1, 292.0)
(414.5, -0.1, 292.2)
(414.6, -0.1, 292.3)
(414.8, -0.1, 292.5)
(415.0, -0.1, 292.7)
(415.1, -0.1, 292.8)
(415.3, -0.1, 293.0)
(415.5, -0.1, 293.2)
(415.7, -0.1, 293.4)
(415.8, -0.1, 293.5)
(415.9, -0.1, 293.6)
(416.2, -0.1, 293.8)
(416.2, -0.1, 293.9)
(416.5, -0.1, 294.2)
(416.7, -0.1, 294.4)
(416.8, -0.1, 294.5)
(417.0, -0.1, 294.7)
(417.1, -0.1, 294.8)
(417.4, -0.1, 295.0)
(417.5, -0.1, 295.2)
(417.7, -0.1, 295.4)
(417.9, -0.1, 295.5)
(418.0, -0.1, 295.7)
(418.2, -0.1, 295.9)
(418.4, -0.1, 296.0)
(418.5, -0.1, 296.2)
(418.7, -0.1, 296.4)
(418.9, -0.1, 296.5)
(419.1, -0.1, 296.7)
(419.2, -0.1, 296.9)
